16.4794921875
19.2783203125
16.5927734375
15.4404296875
10.826171875
13.044921875
9.244140625
8.6748046875
14.291015625
13.1171875
8.8720703125
14.9248046875
12.6728515625
7.833984375
8.3486328125
53.3623046875
57.9599609375
57.0791015625
64.1396484375
58.9609375
88.29296875
89.5732421875
47.65234375
53.1650390625
53.212890625
47.771484375
47.455078125
39.099609375
38.271484375
36.4091796875
33.5400390625
29.8603515625
33.767578125
32.513671875
36.5654296875
23.7900390625
27.2587890625
23.0341796875
18.2978515625
18.1171875
19.1298828125
16.865234375
23.3447265625
16.30859375
15.9189453125
11.7958984375
11.2236328125
13.548828125
12.3779296875
17.70703125
10.7490234375
8.4814453125
6.75390625
9.02734375
7.98046875
6.48828125
8.529296875
11.703125
6.359375
9.806640625
7.5166015625
17.931640625
12.7001953125