17.4501953125
16.94775390625
15.7234375
15.0365234375
13.0296875
11.44609375
11.2162109375
11.6744140625
10.83984375
11.9759765625
12.7755859375
11.4841796875
10.53046875
19.428515625
28.035546875
36.916796875
48.1779296875
58.300390625
65.2865234375
71.6091796875
69.723828125
67.52890625
66.379296875
58.275
49.8513671875
48.1408203125
45.162109375
41.8013671875
38.955078125
35.4361328125
34.3697265625
33.2181640625
33.2494140625
31.2994140625
30.7791015625
28.632421875
25.7892578125
22.099609375
21.167578125
19.0888671875
19.1509765625
18.753125
18.3134765625
16.8466796875
15.718359375
13.7591796875
12.973046875
13.3306640625
13.1212890625
12.5728515625
11.2138671875
10.54375
8.5984375
7.7462890625
7.755859375
8.745703125
8.212109375
8.57734375
8.7830078125
10.6634765625
10.862890625
11.98876953125
12.716145833333334